delta iono: 
[0.00739701 0.03393369 0.02081077 0.00486456 0.02969621 0.02329731
 0.033265   0.02787253 0.02778445 0.01070008 0.02608511 0.00969454
 0.02741888 0.05216767 0.02849969 0.01038663 0.00327375 0.03214933
 0.01065204 0.04176394 0.02726992 0.00608746 0.04278947 0.0218535
 0.00726127 0.03624036 0.00665738 0.03476334 0.04177475 0.00504917
 0.02811559 0.04133095]
 delta sla: 
[ 0.0024  0.0239  0.019   0.0002  0.0216  0.015   0.0277  0.0336  0.0217
  0.0063  0.0251  0.0066  0.0286  0.0336  0.0146  0.0035 -0.0031  0.0312
  0.0068  0.0461  0.0197  0.0011  0.0331  0.0193  0.0039  0.0213  0.0041
  0.02    0.0363  0.0068  0.0194  0.032 ]
 difference: 
[ 0.00499701  0.01003369  0.00181077  0.00466456  0.00809621  0.00829731
  0.005565   -0.00572747  0.00608445  0.00440008  0.00098511  0.00309454
 -0.00118112  0.01856767  0.01389969  0.00688663  0.00637375  0.00094933
  0.00385204 -0.00433606  0.00756992  0.00498746  0.00968947  0.0025535
  0.00336127  0.01494036  0.00255738  0.01476334  0.00547475 -0.00175083
  0.00871559  0.00933095]