delta iono: 
[0.00880596 0.04039725 0.02477472 0.00579115 0.03535263 0.0277349
 0.0396012  0.03318158 0.03307673 0.01273819 0.0310537  0.01154112
 0.03264152 0.06210437 0.0339282  0.01236504 0.00389733 0.03827302
 0.012681   0.04971897 0.03246419 0.00724697 0.05093985 0.02601607
 0.00864437 0.04314329 0.00792546 0.04138492 0.04973184 0.00601091
 0.03347094 0.04920352]
 delta sla: 
[ 0.0024  0.0239  0.019   0.0002  0.0216  0.015   0.0277  0.0336  0.0217
  0.0063  0.0251  0.0066  0.0286  0.0336  0.0146  0.0035 -0.0031  0.0312
  0.0068  0.0461  0.0197  0.0011  0.0331  0.0193  0.0039  0.0213  0.0041
  0.02    0.0363  0.0068  0.0194  0.032 ]
 difference: 
[ 0.00640596  0.01649725  0.00577472  0.00559115  0.01375263  0.0127349
  0.0119012  -0.00041842  0.01137673  0.00643819  0.0059537   0.00494112
  0.00404152  0.02850437  0.0193282   0.00886504  0.00699733  0.00707302
  0.005881    0.00361897  0.01276419  0.00614697  0.01783985  0.00671607
  0.00474437  0.02184329  0.00382546  0.02138492  0.01343184 -0.00078909
  0.01407094  0.01720352]